310.483944  -502.900054  285.431091  -145.020343  70.339900  -21.138084  2.803546  0.000000  0.000000  0.000000  0.000000  
155.931511  -228.232989  88.147738  -22.507208  8.699760  -2.325536  0.286725  0.000000  0.000000  0.000000  0.000000  
-11.998730  47.722945  -63.413662  33.525171  -7.134391  1.450022  -0.151355  0.000000  0.000000  0.000000  0.000000  
3.170731  -8.783841  28.856358  -46.661634  26.043394  -2.852015  0.227008  0.000000  0.000000  0.000000  0.000000  
0.000000  0.348655  -2.712235  25.605114  -46.903234  25.987625  -2.495873  0.169948  0.000000  0.000000  0.000000  
0.000000  0.000000  0.156433  -2.422003  26.061399  -47.591658  26.061399  -2.422003  0.156433  0.000000  0.000000  
0.000000  0.000000  0.000000  0.169948  -2.495873  25.987625  -46.903234  25.605114  -2.712235  0.348655  0.000000  
0.000000  0.000000  0.000000  0.000000  0.227008  -2.852015  26.043394  -46.661634  28.856358  -8.783841  3.170731  
0.000000  0.000000  0.000000  0.000000  -0.151355  1.450022  -7.134391  33.525171  -63.413662  47.722945  -11.998730  
0.000000  0.000000  0.000000  0.000000  0.286725  -2.325536  8.699760  -22.507208  88.147738  -228.232989  155.931511  
0.000000  0.000000  0.000000  0.000000  2.803546  -21.138084  70.339900  -145.020343  285.431091  -502.900054  310.483944
